-307 10362995369334303659 11949095260039733334
-306 12953744211667879574 10324683056622278764
-305 16192180264584849468 3682481783923072647
-304 10120112665365530917 11524923151806696212
-303 12650140831706913647 571095884476206553
-302 15812676039633642058 14548927910877421904
-301 9882922524771026286 13704765962725776594
-300 12353653155963782858 7907585416552444934
-299 15442066444954728573 661109733835780360
-298 9651291528096705358 2719036592861056677
-297 12064114410120881697 12622167777931096654
-296 15080143012651102122 1942651667131707105
-295 9425089382906938826 5825843310384704845
-294 11781361728633673532 16505676174835656864
-293 14726702160792091916 2185351144835019464
-292 18408377700990114895 2731688931043774330
-291 11505236063118821809 8624834609543440812
-290 14381545078898527261 15392729280356688919
-289 17976931348623159077 5405853545163697437
-288 11235582092889474423 5684501474941004850
-287 14044477616111843029 2493940825248868159
-286 17555597020139803786 7729112049988473103
-285 10972248137587377366 9442381049670183593
-284 13715310171984221708 2579604275232953683
-283 17144137714980277135 3224505344041192104
-282 10715086071862673209 8932844867666826921
-281 13393857589828341511 15777742103010921555
-280 16742321987285426889 15110491610336264040
-279 10463951242053391806 2526528228819083169
-278 13079939052566739757 12381532322878629770
-277 16349923815708424697 1641857348316123500
-276 10218702384817765435 12555375888766046947
-275 12773377981022206794 11082533842530170780
-274 15966722476277758493 4629795266307937667
-273 9979201547673599058 5199465050656154994
-272 12474001934591998822 15722703350174969551
-271 15592502418239998528 10430007150863936130
-270 9745314011399999080 6518754469289960081
-269 12181642514249998850 8148443086612450102
-268 15227053142812498563 962181821410786819
-267 9516908214257811601 16742264702877599426
-266 11896135267822264502 7092772823314835570
-265 14870169084777830627 18089338065998320271
-264 9293855677986144142 8999993282035256217
-263 11617319597482680178 2026619565689294464
-262 14521649496853350222 11756646493966393888
-261 18152061871066687778 5472436080603216552
-260 11345038669416679861 8031958568804398249
-259 14181298336770849826 14651634229432885715
-258 17726622920963562283 9091170749936331336
-257 11079139325602226427 3376138709496513133
-256 13848924157002783033 18055231442152805128
-255 17311155196253478792 8733981247408842698
-254 10819471997658424245 5458738279630526686
-253 13524339997073030306 11435108867965546262
-252 16905424996341287883 5070514048102157020
-251 10565890622713304927 863228270850154185
-250 13207363278391631158 14914093393844856443
-249 16509204097989538948 9419244705451294746
-248 10318252561243461842 15110399977761835024
-247 12897815701554327303 9664627935347517973
-246 16122269626942909129 7469098900757009562
-245 10076418516839318205 16197401859041600736
-244 12595523146049147757 6411694268519837208
-243 15744403932561434696 12626303854077184414
-242 9840252457850896685 7891439908798240259
-241 12300315572313620856 14475985904425188227
-240 15375394465392026070 18094982380531485284
-239 9609621540870016294 6697677969404790399
-238 12012026926087520367 17595469498610763806
-237 15015033657609400459 17382650854836066854
-236 9384396036005875287 8558313775058847832
-235 11730495045007344109 6086206200396171886
-234 14663118806259180136 12219443768922602761
-233 18328898507823975170 15274304711153253452
-232 11455561567389984481 14158126462898171311
-231 14319451959237480602 3862600023340550427
-230 17899314949046850752 14051622066030463842
-229 11187071843154281720 8782263791269039901
-228 13983839803942852150 10977829739086299876
-227 17479799754928565188 4498915137003099037
-226 10924874846830353242 12035193997481712706
-225 13656093558537941553 5820620459997365075
-224 17070116948172426941 11887461593424094248
-223 10668823092607766838 9735506505103752857
-222 13336028865759708548 2946011094524915263
-221 16670036082199635685 3682513868156144079
-220 10418772551374772303 4607414176811284001
-219 13023465689218465379 1147581702586717097
-218 16279332111523081723 15269535183515560084
-217 10174582569701926077 7237616480483531100
-216 12718228212127407596 13658706619031801779
-215 15897785265159259495 17073383273789752224
-214 9936115790724537184 17588393573759676996
-213 12420144738405671481 3538747893490044629
-212 15525180923007089351 9035120885289943691
-211 9703238076879430844 12564479580947296663
-210 12129047596099288555 15705599476184120828
-209 15161309495124110694 15020313326802763131
-208 9475818434452569184 4776009810824339053
-207 11844773043065711480 5970012263530423816
-206 14805966303832139350 7462515329413029771
-205 9253728939895087094 52386062455755702
-204 11567161174868858867 9288854614924470436
-203 14458951468586073584 6999382250228200141
-202 18073689335732591980 8749227812785250177
-201 11296055834832869987 14691639419845557168
-200 14120069793541087484 13752863256379558556
-199 17650087241926359355 17191079070474448196
-198 11031304526203974597 8438581409832836170
-197 13789130657754968246 15159912780718433117
-196 17236413322193710308 9726518939043265588
-195 10772758326371068942 15302446373756816800
-194 13465947907963836178 9904685930341245193
-193 16832434884954795223 3157485376071780683
-192 10520271803096747014 8890957387685944783
-191 13150339753870933768 1890324697752655170
-190 16437924692338667210 2362905872190818963
-189 10273702932711667006 6088502188546649756
-188 12842128665889583757 16833999772538088003
-187 16052660832361979697 7207441660390446292
-186 10032913020226237310 16033866083812498692
-185 12541141275282796638 10818960567910847557
-184 15676426594103495798 4300328673033783639
-183 9797766621314684873 16522763475928278486
-182 12247208276643356092 6818396289628184396
-181 15309010345804195115 8522995362035230495
-180 9568131466127621947 3021029092058325107
-179 11960164332659527433 17611344420355070096
-178 14950205415824409292 8179122470161673908
-177 9343878384890255807 14335323580705822000
-176 11679847981112819759 13307468457454889596
-175 14599809976391024699 12022649553391224092
-174 18249762470488780874 10416625923311642211
-173 11406101544055488046 11122077220497164286
-172 14257626930069360058 4679224488766679549
-171 17822033662586700072 15072402647813125244
-170 11138771039116687545 9420251654883203278
-169 13923463798895859431 16387000587031392001
-168 17404329748619824289 15872064715361852097
-167 10877706092887390181 3002511419460075705
-166 13597132616109237726 8364825292752482535
-165 16996415770136547158 1232659579085827361
-164 10622759856335341973 14605470292210805812
-163 13278449820419177467 4421779809981343554
-162 16598062275523971834 915538744049291538
-161 10373788922202482396 5183897733458195115
-160 12967236152753102995 6479872166822743894
-159 16209045190941378744 3488154190101041964
-158 10130653244338361715 2180096368813151227
-157 12663316555422952143 16560178516298602746
-156 15829145694278690179 16088537126945865529
-155 9893216058924181362 7749492695127472003
-154 12366520073655226703 463493832054564196
-153 15458150092069033378 14414425345350368957
-152 9661343807543145861 13620701859271368502
-151 12076679759428932327 3190819268807046916
-150 15095849699286165408 17823582141290972357
-149 9434906062053853380 11139738838306857723
-148 11793632577567316725 13924673547883572154
-147 14742040721959145907 3570783879572301480
-146 18427550902448932383 18298537904747540562
-145 11517219314030582739 18354115218108294707
-144 14396524142538228424 18330958004207980480
-143 17995655178172785531 4466953431550423984
-142 11247284486357990957 486002885505321038
-141 14059105607947488696 5219189625309039202
-140 17573882009934360870 6523987031636299002
-139 10983676256208975543 17912549950054850588
-138 13729595320261219429 17779001419141175331
-137 17161994150326524287 8388693718644305452
-136 10726246343954077679 12160462601793772764
-135 13407807929942597099 10588892233814828051
-134 16759759912428246374 8624429273841147159
-133 10474849945267653984 778582277723329070
-132 13093562431584567480 973227847154161338
-131 16366953039480709350 1216534808942701673
-130 10229345649675443343 14595392310871352257
-129 12786682062094304179 13632554370161802418
-128 15983352577617880224 12429006944274865118
-127 9989595361011175140 7768129340171790699
-126 12486994201263968925 9710161675214738374
-125 15608742751579961156 16749388112445810871
-124 9755464219737475723 1244995533423855986
-123 12194330274671844653 15391302472061983695
-122 15242912843339805817 5404070034795315907
-121 9526820527087378635 14906758817815542202
-120 11908525658859223294 14021762503842039848
-119 14885657073574029118 8303831092947774002
-118 9303535670983768199 578208414664970847
-117 11629419588729710248 14557818573613377271
-116 14536774485912137810 18197273217016721589
-115 18170968107390172263 13523219484416126178
-114 11356855067118857664 15369541205401160717
-113 14196068833898572081 765182433041899281
-112 17745086042373215101 5568164059729762005
-111 11090678776483259438 5785945546544795205
-110 13863348470604074297 16455803970035769814
-109 17329185588255092872 6734696907262548556
-108 10830740992659433045 4209185567039092847
-107 13538426240824291306 9873167977226253963
-106 16923032801030364133 3118087934678041646
-105 10576895500643977583 4254647968387469981
-104 13221119375804971979 706623942056949572
-103 16526399219756214973 14718337982853350677
-102 10328999512347634358 11504804248497038125
-101 12911249390434542948 5157633273766521849
-100 16139061738043178685 6447041592208152311
-99 10086913586276986678 6335244004343789146
-98 12608641982846233347 17142427042284512241
-97 15760802478557791684 16816347784428252397
-96 9850501549098619803 1286845328412881940
-95 12313126936373274753 15443614715798266137
-94 15391408670466593442 5469460339465668959
-93 9619630419041620901 8030098730593431003
-92 12024538023802026126 14649309431669176658
-91 15030672529752532658 9088264752731695015
-90 9394170331095332911 10291851488884697288
-89 11742712913869166139 8253128342678483706
-88 14678391142336457674 5704724409920716729
-87 18347988927920572092 16354277549255671720
-86 11467493079950357558 998051431430019017
-85 14334366349937946947 10470936326142299579
-84 17917957937422433684 8476984389250486570
-83 11198723710889021052 14521487280136329914
-82 13998404638611276315 18151859100170412392
-81 17498005798264095394 18078137856785627587
-80 10936253623915059621 15910522178918405146
-79 13670317029893824527 6053094668365842720
-78 17087896287367280659 2954682317029915496
-77 10679935179604550411 17987577512639554849
-76 13349918974505688014 17872785872372055657
-75 16687398718132110018 13117610303610293764
-74 10429624198832568761 12810192458183821506
-73 13037030248540710952 2177682517447613171
-72 16296287810675888690 2722103146809516464
-71 10185179881672430431 6313000485183335694
-70 12731474852090538039 3279564588051781713
-69 15914343565113172548 17934513790346890853
-68 9946464728195732843 1985699082112030975
-67 12433080910244666053 16317181907922202431
-66 15541351137805832567 6561419329620589327
-65 9713344461128645354 11018416108653950185
-64 12141680576410806693 4549648098962661924
-63 15177100720513508366 10298746142130715309
-62 9485687950320942729 1825030320404309164
-61 11857109937901178411 6892973918932774359
-60 14821387422376473014 4004531380238580045
-59 9263367138985295633 16337890167931276240
-58 11579208923731619542 6587304654631931588
-57 14474011154664524427 17457502855144690293
-56 18092513943330655534 17210192550503474962
-55 11307821214581659709 6144684325637283947
-54 14134776518227074636 12292541425473992838
-53 17668470647783843295 15365676781842491048
-52 11042794154864902059 16521077016292638761
-51 13803492693581127574 16039660251938410547
-50 17254365866976409468 10826203278068237376
-49 10783978666860255917 15989749085647424168
-48 13479973333575319897 6152128301777116498
-47 16849966666969149871 12301846395648783526
-46 10531229166855718669 14606183024921571560
-45 13164036458569648337 4422670725869800738
-44 16455045573212060421 10140024425764638826
-43 10284403483257537763 8643358275316593218
-42 12855504354071922204 6192511825718353619
-41 16069380442589902755 7740639782147942024
-40 10043362776618689222 2532056854628769813
-39 12554203470773361527 12388443105140738074
-38 15692754338466701909 10873867862998534689
-37 9807971461541688693 9102010423587778132
-36 12259964326927110866 15989199047912110569
-35 15324955408658888583 10763126773035362404
-34 9578097130411805364 13644483260788183358
-33 11972621413014756705 17055604075985229198
-32 14965776766268445882 7484447039699372786
-31 9353610478917778676 9289465418239495895
-30 11692013098647223345 11611831772799369869
-29 14615016373309029182 679731660717048624
-28 18268770466636286477 10073036612751086588
-27 11417981541647679048 8601490892183123069
-26 14272476927059598810 10751863615228903837
-25 17840596158824498513 4216457482181353988
-24 11150372599265311570 14164500972431816002
-23 13937965749081639463 8482254178684994195
-22 17422457186352049329 5991131704928854840
-21 10889035741470030830 15273672361649004035
-20 13611294676837538538 9868718415206479236
-19 17014118346046923173 3112525982153323237
-18 10633823966279326983 4251171748059520975
-17 13292279957849158729 702278666647013314
-16 16615349947311448411 5489534351736154547
-15 10384593717069655257 1125115960621402640
-14 12980742146337069071 6018080969204141204
-13 16225927682921336339 2910915193077788601
-12 10141204801825835211 17960223060169475539
-11 12676506002282294014 17838592806784456520
-10 15845632502852867518 13074868971625794843
-9 9903520314283042199 3560107088838733872
-8 12379400392853802748 18285191916330581053
-7 15474250491067253436 4409745821703674700
-6 9671406556917033397 11979463175419572495
-5 12089258196146291747 1139270913992301907
-4 15111572745182864683 15259146697772541096
-3 9444732965739290427 7231123676894144233
-2 11805916207174113034 4427218577690292387
-1 14757395258967641292 14757395258967641292
0 9223372036854775808 0
1 11529215046068469760 0
2 14411518807585587200 0
3 18014398509481984000 0
4 11258999068426240000 0
5 14073748835532800000 0
6 17592186044416000000 0
7 10995116277760000000 0
8 13743895347200000000 0
9 17179869184000000000 0
10 10737418240000000000 0
11 13421772800000000000 0
12 16777216000000000000 0
13 10485760000000000000 0
14 13107200000000000000 0
15 16384000000000000000 0
16 10240000000000000000 0
17 12800000000000000000 0
18 16000000000000000000 0
19 10000000000000000000 0
20 12500000000000000000 0
21 15625000000000000000 0
22 9765625000000000000 0
23 12207031250000000000 0
24 15258789062500000000 0
25 9536743164062500000 0
26 11920928955078125000 0
27 14901161193847656250 0
28 9313225746154785156 4611686018427387904
29 11641532182693481445 5764607523034234880
30 14551915228366851806 11817445422220181504
31 18189894035458564758 5548434740920451072
32 11368683772161602973 17302829768357445632
33 14210854715202003717 7793479155164643328
34 17763568394002504646 14353534962383192064
35 11102230246251565404 4359273333062107136
36 13877787807814456755 5449091666327633920
37 17347234759768070944 2199678564482154496
38 10842021724855044340 1374799102801346560
39 13552527156068805425 1718498878501683200
40 16940658945086006781 6759809616554491904
41 10587911840678754238 6530724019560251392
42 13234889800848442797 17386777061305090048
43 16543612251060553497 7898413271349198848
44 10339757656912845935 16465723340661719040
45 12924697071141057419 15970468157399760896
46 16155871338926321774 15351399178322313216
47 10097419586828951109 4982938468024057856
48 12621774483536188886 10840359103457460224
49 15777218104420236108 4327076842467049472
50 9860761315262647567 11927795063396681728
51 12325951644078309459 10298057810818464256
52 15407439555097886824 8260886245095692416
53 9629649721936179265 5163053903184807760
54 12037062152420224081 11065503397408397604
55 15046327690525280101 18443565265187884909
56 9403954806578300063 13833071299956122020
57 11754943508222875079 12679653106517764621
58 14693679385278593849 11237880364719817872
59 18367099231598242312 212292400617608628
60 11479437019748901445 132682750386005392
61 14349296274686126806 4777539456409894645
62 17936620343357658507 15195296357367144114
63 11210387714598536567 7191217214140771119
64 14012984643248170709 4377335499248575995
65 17516230804060213386 10083355392488107898
66 10947644252537633366 10913783138732455340
67 13684555315672041708 4418856886560793367
68 17105694144590052135 5523571108200991709
69 10691058840368782584 10369760970266701674
70 13363823550460978230 12962201212833377092
71 16704779438076222788 6979379479186945558
72 10440487148797639242 13585484211346616781
73 13050608935997049053 7758483227328495169
74 16313261169996311316 14309790052588006865
75 10195788231247694572 18166990819722280098
76 12744735289059618216 4261994450943298507
77 15930919111324522770 5327493063679123134
78 9956824444577826731 7941369183226839863
79 12446030555722283414 5315025460606161924
80 15557538194652854267 15867153862612478214
81 9723461371658033917 7611128154919104931
82 12154326714572542396 14125596212076269068
83 15192908393215677995 17656995265095336336
84 9495567745759798747 8729779031470891258
85 11869459682199748434 6300537770911226168
86 14836824602749685542 17099044250493808518
87 9273015376718553464 6075216638131242420
88 11591269220898191830 7594020797664053025
89 14489086526122739788 269153960225290473
90 18111358157653424735 336442450281613091
91 11319598848533390459 7127805559067090038
92 14149498560666738074 4298070930406474644
93 17686873200833422592 14595960699862869113
94 11054295750520889120 9122475437414293195
95 13817869688151111400 11403094296767866494
96 17272337110188889250 14253867870959833118
97 10795210693868055781 13520353437777283602
98 13494013367335069727 3065383741939440791
99 16867516709168837158 17666787732706464701
100 10542197943230523224 6430056314514152534
101 13177747429038154030 8037570393142690668
102 16472184286297692538 823590954573587527
103 10295115178936057836 5126430365035880108
104 12868893973670072295 6408037956294850135
105 16086117467087590369 3398361426941174765
106 10053823416929743980 13653190937906703988
107 12567279271162179975 17066488672383379985
108 15709099088952724969 16721424822051837077
109 9818186930595453106 3533361486141316317
110 12272733663244316382 13640073894531421205
111 15340917079055395478 7826720331309500698
112 9588073174409622174 280014188641050032
113 11985091468012027717 9573389772656088348
114 14981364335015034646 16578423234247498339
115 9363352709384396654 5749828502977298558
116 11704190886730495817 16410657665576399005
117 14630238608413119772 6678264026688335045
118 18287798260516399715 8347830033360418806
119 11429873912822749822 2911550761636567802
120 14287342391028437277 12862810488900485560
121 17859177988785546597 2243455055843443238
122 11161986242990966623 3708002419115845976
123 13952482803738708279 23317005467419566
124 17440603504673385348 13864204312116438170
125 10900377190420865842 17888499731927549664
126 13625471488026082303 13137252628054661272
127 17031839360032602879 11809879766640938686
128 10644899600020376799 14298703881791668535
129 13306124500025470999 13261693833812197764
130 16632655625031838749 11965431273837859301
131 10395409765644899218 9784237555362356015
132 12994262207056124023 3006924907348169211
133 16242827758820155028 17593714189467375226
134 10151767349262596893 1772699331562333708
135 12689709186578246116 6827560182880305039
136 15862136483222807645 8534450228600381299
137 9913835302014254778 7639874402088932264
138 12392294127517818473 326470965756389522
139 15490367659397273091 5019774725622874806
140 9681479787123295682 831516194300602802
141 12101849733904119602 10262767279730529310
142 15127312167380149503 3605087062808385830
143 9454570104612593439 9170708441896323000
144 11818212630765741799 6851699533943015846
145 14772765788457177249 3952938399001381903
146 9232978617785735780 13999801545444333449
147 11541223272232169725 17499751931805416812
148 14426529090290212157 8039631859474607303
149 18033161362862765196 14661225842770647033
150 11270725851789228247 18386638188586430203
151 14088407314736535309 18371611717305649850
152 17610509143420669137 9129456591349898601
153 11006568214637918210 17235125415662156385
154 13758210268297397763 12320534732722919674
155 17197762835371747204 10788982397476261688
156 10748601772107342002 15966486035277439363
157 13435752215134177503 10734735507242023396
158 16794690268917721879 8806733365625141341
159 10496681418073576174 12421737381156795194
160 13120851772591970218 6303799689591218185
161 16401064715739962772 17103121648843798539
162 10250665447337476733 1466078993672598279
163 12813331809171845916 6444284760518135752
164 16016664761464807395 8055355950647669691
165 10010415475915504622 2728754459941099604
166 12513019344894380777 12634315111781150314
167 15641274181117975972 1957835834444274180
168 9775796363198734982 10447019433382447170
169 12219745453998418728 3835402254873283155
170 15274681817498023410 4794252818591603944
171 9546676135936264631 7608094030047140369
172 11933345169920330789 4898431519131537557
173 14916681462400413486 10734725417341809851
174 9322925914000258429 2097517367411243253
175 11653657392500323036 7233582727691441970
176 14567071740625403795 9041978409614302462
177 18208839675781754744 6690786993590490174
178 11380524797363596715 4181741870994056359
179 14225655996704495894 615491320315182544
180 17782069995880619867 9992736187248753989
181 11113793747425387417 3939617107816777291
182 13892242184281734271 9536207403198359517
183 17365302730352167839 7308573235570561493
184 10853314206470104899 11485387299872682789
185 13566642758087631124 9745048106413465582
186 16958303447609538905 12181310133016831978
187 10598939654755961816 695789805494438130
188 13248674568444952270 869737256868047663
189 16560843210556190337 10310543607939835386
190 10350527006597618960 17973304801030866876
191 12938158758247023701 4019886927579031980
192 16172698447808779626 9636544677901177879
193 10107936529880487266 10634526442115624078
194 12634920662350609083 4069786015789754290
195 15793650827938261354 475546501309804958
196 9871031767461413346 4908902581746016003
197 12338789709326766682 15359500264037295811
198 15423487136658458353 9976003293191843956
199 9639679460411536470 17764217104313372233
200 12049599325514420588 12981899343536939483
201 15061999156893025735 16227374179421174354
202 9413749473058141084 17059637889779315827
203 11767186841322676356 2877803288514593168
204 14708983551653345445 3597254110643241460
205 18386229439566681806 9108253656731439729
206 11491393399729176129 1080972517029761926
207 14364241749661470161 5962901664714590312
208 17955302187076837701 12065313099320625794
209 11222063866923023563 9846663696289085073
210 14027579833653779454 7696643601933968437
211 17534474792067224318 397432465562684739
212 10959046745042015198 14083453346258841674
213 13698808431302518998 8380944645968776284
214 17123510539128148748 1252808770606194547
215 10702194086955092967 10006377518483647400
216 13377742608693866209 7896285879677171346
217 16722178260867332761 14482043368023852087
218 10451361413042082976 2133748077373825698
219 13064201766302603720 2667185096717282123
220 16330252207878254650 3333981370896602653
221 10206407629923909156 6695424375237764562
222 12758009537404886445 8369280469047205703
223 15947511921756108056 15073286604736395033
224 9967194951097567535 9420804127960246895
225 12458993688871959419 7164319141522920715
226 15573742111089949274 4343712908476262990
227 9733588819431218296 7326506586225052273
228 12166986024289022870 9158133232781315341
229 15208732530361278588 2224294504121868368
230 9505457831475799117 10613556101930943538
231 11881822289344748896 17878631145841067327
232 14852277861680936121 3901544858591782542
233 9282673663550585075 13967680582688333849
234 11603342079438231344 12847914709933029407
235 14504177599297789180 16059893387416286759
236 18130221999122236476 1628122660560806833
237 11331388749451397797 10240948699705280078
238 14164235936814247246 17412871893058988002
239 17705294921017809058 12542717829468959195
240 11065809325636130661 12450884661845487401
241 13832261657045163327 1728547772024695539
242 17290327071306454158 15995742770313033136
243 10806454419566533849 5385653213018257806
244 13508068024458167311 11343752534700210161
245 16885085030572709139 9568004649947874797
246 10553178144107943212 3674159897003727796
247 13191472680134929015 4592699871254659745
248 16489340850168661269 1129188820640936778
249 10305838031355413293 3011586022114279438
250 12882297539194266616 8376168546070237202
251 16102871923992833270 10470210682587796502
252 10064294952495520794 1932195658189984910
253 12580368690619400992 11638616609592256945
254 15725460863274251240 14548270761990321182
255 9828413039546407025 9092669226243950738
256 12285516299433008781 15977522551232326327
257 15356895374291260977 6136845133758244197
258 9598059608932038110 15364743254667372383
259 11997574511165047638 9982557031479439671
260 14996968138956309548 3254824252494523781
261 9373105086847693467 11257637194663853171
262 11716381358559616834 9460360474902428559
263 14645476698199521043 2602078556773259891
264 18306845872749401303 17087656251248738576
265 11441778670468375814 17597314184671543466
266 14302223338085469768 12773270693984653525
267 17877779172606837210 15966588367480816906
268 11173611982879273256 14590803748102898470
269 13967014978599091570 18238504685128623088
270 17458768723248864463 13574758819556003052
271 10911730452030540289 15401753289863583763
272 13639663065038175362 5417133557047315992
273 17049578831297719202 15994788983163920798
274 10655986769561074501 14608429132904838403
275 13319983461951343127 4425478360848884291
276 16649979327439178909 920161932633717460
277 10406237079649486818 2880944217109767365
278 13007796349561858522 12824552308241985014
279 16259745436952323153 6807318348447705459
280 10162340898095201970 15783789013848285672
281 12702926122619002463 10506364230455581282
282 15878657653273753079 8521269269642088699
283 9924161033296095674 12243322321167387293
284 12405201291620119593 6080780864604458308
285 15506501614525149491 12212662099182960789
286 9691563509078218432 5327070802775656541
287 12114454386347773040 6658838503469570676
288 15143067982934716300 8323548129336963345
289 9464417489334197687 14425589617690377899
290 11830521861667747109 13420301003685584469
291 14788152327084683887 2940318199324816875
292 9242595204427927429 8755227902219092403
293 11553244005534909286 15555720896201253407
294 14441555006918636608 10221279083396790951
295 18051943758648295760 12776598854245988689
296 11282464849155184850 7985374283903742931
297 14103081061443981063 758345818024902856
298 17628851326804976328 14782990327813292282
299 11018032079253110205 9239368954883307676
300 13772540099066387756 16160897212031522499
301 17215675123832984696 1754377441329851508
302 10759796952395615435 1096485900831157192
303 13449746190494519293 15205665431321110202
304 16812182738118149117 5172023733869224041
305 10507614211323843198 5538357842881958977
306 13134517764154803997 16146319340457224530
307 16418147205193504997 6347841120289366950
308 10261342003245940623 6273243709394548296
309 12826677504057425779 3229868618315797466
310 16033346880071782223 17872393828176910545
311 10020841800044863889 18087775170251650946
312 12526052250056079862 8774660907532399971
313 15657565312570099828 1744954097560724156
314 9785978320356312392 10313968347830228405
315 12232472900445390490 12892460434787785506
316 15290591125556738113 6892203506629956075
317 9556619453472961320 15836842237712192307
318 11945774316841201651 1349308723430688768
319 14932217896051502063 15521693959570524672
320 9332636185032188789 16618587752372659776
321 11665795231290235987 6938176635183661008
322 14582244039112794984 4061034775552188356
323 18227805048890993730 5076293469440235445
324 11392378155556871081 7784369436827535057
325 14240472694446088851 14342147814461806725
326 17800590868057611064 13315998749649870503
327 11125369292536006915 8322499218531169064
328 13906711615670008644 5791438004736573426
329 17383389519587510805 7239297505920716783
330 10864618449742194253 6830403950414141941
331 13580773062177742816 13149690956445065330
332 16975966327722178520 16437113695556331663
333 10609978954826361575 10273196059722707289
334 13262473693532951969 8229809056225996208
335 16578092116916189961 14898947338709883164
336 10361307573072618726 2394313059052595121
337 12951634466340773407 12216263360670519709
338 16189543082925966759 10658643182410761733
339 10118464426828729224 13579181016647807939
340 12648080533535911530 16973976270809759924
341 15810100666919889413 11994098301657424097
